0 47 0 55 89 47 77 11 50 42 45 16 46 40 91 1 79 4 70 54 46 26 
47 0 14 67 26 81 39 25 30 65 56 8 83 81 95 30 84 99 84 77 15 12 
0 14 0 47 16 29 59 38 12 65 30 57 62 37 12 82 54 22 75 24 14 44 
55 67 47 0 94 24 80 43 56 26 39 92 44 50 93 55 40 44 63 46 72 51 
89 26 16 94 0 86 39 35 94 89 40 37 67 36 40 94 86 96 41 92 30 38 
47 81 29 24 86 0 85 64 39 90 38 82 48 64 36 50 83 29 49 19 80 52 
77 39 59 80 39 85 0 91 59 99 53 66 10 50 96 36 0 91 75 7 54 55 
11 25 38 43 35 64 91 0 33 11 13 36 19 26 82 29 77 60 93 40 66 79 
50 30 12 56 94 39 59 33 0 81 81 98 76 14 79 68 92 82 71 72 70 70 
42 65 65 26 89 90 99 11 81 0 17 55 94 4 38 58 95 23 31 18 98 66 
45 56 30 39 40 38 53 13 81 17 0 78 37 21 27 76 2 23 45 51 51 29 
16 8 57 92 37 82 66 36 98 55 78 0 55 13 72 93 93 6 73 62 32 11 
46 83 62 44 67 48 10 19 76 94 37 55 0 44 41 79 60 73 87 9 27 71 
40 81 37 50 36 64 50 26 14 4 21 13 44 0 5 17 87 55 21 30 89 33 
91 95 12 93 40 36 96 82 79 38 27 72 41 5 0 18 35 22 52 95 48 88 
1 30 82 55 94 50 36 29 68 58 76 93 79 17 18 0 51 37 67 54 94 32 
79 84 54 40 86 83 0 77 92 95 2 93 60 87 35 51 0 41 69 22 36 5 
4 99 22 44 96 29 91 60 82 23 23 6 73 55 22 37 41 0 17 4 41 60 
70 84 75 63 41 49 75 93 71 31 45 73 87 21 52 67 69 17 0 57 22 20 
54 77 24 46 92 19 7 40 72 18 51 62 9 30 95 54 22 4 57 0 36 24 
46 15 14 72 30 80 54 66 70 98 51 32 27 89 48 94 36 41 22 36 0 76 
26 12 44 51 38 52 55 79 70 66 29 11 71 33 88 32 5 60 20 24 76 0 
