0 88 36 29 61 38 49 75 14 20 46 10 50 70 35 97 85 7 44 86 35 88 86 75 74 49 37 
88 0 46 8 21 2 8 2 93 0 89 20 80 74 70 0 38 72 71 51 87 15 36 7 87 32 20 
36 46 0 76 45 5 45 34 37 27 91 7 99 40 63 15 54 49 28 92 5 0 95 1 57 19 88 
29 8 76 0 2 48 4 45 25 82 10 73 36 79 87 50 59 9 64 1 3 68 26 95 45 79 69 
61 21 45 2 0 34 89 89 2 80 47 86 15 48 63 97 16 8 77 63 54 44 84 34 63 9 60 
38 2 5 48 34 0 52 97 29 55 46 7 90 33 61 30 54 4 48 54 95 87 16 97 97 51 22 
49 8 45 4 89 52 0 9 65 28 27 69 75 55 42 74 20 89 46 92 90 28 6 73 54 93 64 
75 2 34 45 89 97 9 0 99 25 13 26 54 35 57 20 20 8 14 98 72 48 11 73 78 27 14 
14 93 37 25 2 29 65 99 0 15 56 22 93 4 87 17 77 64 18 42 38 98 97 95 87 55 50 
20 0 27 82 80 55 28 25 15 0 88 41 45 40 40 35 55 56 30 8 82 37 75 84 72 97 95 
46 89 91 10 47 46 27 13 56 88 0 98 1 30 90 35 40 39 90 97 22 95 55 38 34 68 50 
10 20 7 73 86 7 69 26 22 41 98 0 80 75 73 71 2 63 3 46 53 21 82 16 74 27 96 
50 80 99 36 15 90 75 54 93 45 1 80 0 36 19 46 91 13 53 62 16 19 8 1 53 54 23 
70 74 40 79 48 33 55 35 4 40 30 75 36 0 5 66 82 36 35 84 62 92 36 27 84 44 98 
35 70 63 87 63 61 42 57 87 40 90 73 19 5 0 10 18 91 10 66 55 40 94 36 85 92 94 
97 0 15 50 97 30 74 20 17 35 35 71 46 66 10 0 36 43 13 1 51 28 26 54 93 98 6 
85 38 54 59 16 54 20 20 77 55 40 2 91 82 18 36 0 56 20 56 69 8 49 0 79 26 12 
7 72 49 9 8 4 89 8 64 56 39 63 13 36 91 43 56 0 65 68 19 19 58 93 9 52 18 
44 71 28 64 77 48 46 14 18 30 90 3 53 35 10 13 20 65 0 36 52 61 72 2 58 49 68 
86 51 92 1 63 54 92 98 42 8 97 46 62 84 66 1 56 68 36 0 94 35 93 52 3 39 57 
35 87 5 3 54 95 90 72 38 82 22 53 16 62 55 51 69 19 52 94 0 98 52 28 20 98 28 
88 15 0 68 44 87 28 48 98 37 95 21 19 92 40 28 8 19 61 35 98 0 60 28 28 69 80 
86 36 95 26 84 16 6 11 97 75 55 82 8 36 94 26 49 58 72 93 52 60 0 79 56 26 0 
75 7 1 95 34 97 73 73 95 84 38 16 1 27 36 54 0 93 2 52 28 28 79 0 32 50 32 
74 87 57 45 63 97 54 78 87 72 34 74 53 84 85 93 79 9 58 3 20 28 56 32 0 92 5 
49 32 19 79 9 51 93 27 55 97 68 27 54 44 92 98 26 52 49 39 98 69 26 50 92 0 0 
37 20 88 69 60 22 64 14 50 95 50 96 23 98 94 6 12 18 68 57 28 80 0 32 5 0 0 
