0 76 88 61 59 7 59 83 56 60 48 36 91 64 63 97 59 66 62 96 
76 0 7 88 30 30 91 89 4 12 30 57 98 45 64 93 76 37 84 67 
88 7 0 69 82 91 38 75 76 71 16 24 89 14 69 18 18 71 0 78 
61 88 69 0 15 61 89 68 18 48 94 59 71 69 99 85 94 16 32 62 
59 30 82 15 0 83 81 17 14 30 28 62 81 26 18 38 0 55 45 83 
7 30 91 61 83 0 97 16 84 40 60 53 49 25 97 70 12 76 65 89 
59 91 38 89 81 97 0 29 69 54 41 89 89 7 22 62 60 77 43 77 
83 89 75 68 17 16 29 0 89 64 51 2 99 86 93 55 9 95 11 10 
56 4 76 18 14 84 69 89 0 36 1 25 81 41 46 36 55 50 76 85 
60 12 71 48 30 40 54 64 36 0 33 37 13 44 78 4 98 33 5 93 
48 30 16 94 28 60 41 51 1 33 0 14 78 74 30 71 29 32 74 13 
36 57 24 59 62 53 89 2 25 37 14 0 14 46 86 2 36 99 50 27 
91 98 89 71 81 49 89 99 81 13 78 14 0 88 37 64 25 94 87 39 
64 45 14 69 26 25 7 86 41 44 74 46 88 0 32 68 91 17 29 63 
63 64 69 99 18 97 22 93 46 78 30 86 37 32 0 72 43 22 13 7 
97 93 18 85 38 70 62 55 36 4 71 2 64 68 72 0 3 25 93 17 
59 76 18 94 0 12 60 9 55 98 29 36 25 91 43 3 0 77 34 68 
66 37 71 16 55 76 77 95 50 33 32 99 94 17 22 25 77 0 65 71 
62 84 0 32 45 65 43 11 76 5 74 50 87 29 13 93 34 65 0 29 
96 67 78 62 83 89 77 10 85 93 13 27 39 63 7 17 68 71 29 0 
