0 16 18 12 71 38 53 86 21 18 28 10 24 22 51 11 
16 0 62 78 18 32 55 89 77 23 50 20 81 74 63 31 
18 62 0 94 67 95 77 32 55 99 15 1 82 39 16 89 
12 78 94 0 65 94 60 28 36 6 83 29 51 45 85 5 
71 18 67 65 0 32 67 65 8 96 64 59 59 68 15 71 
38 32 95 94 32 0 2 66 68 16 49 73 51 17 74 37 
53 55 77 60 67 2 0 34 91 91 69 85 16 91 48 74 
86 89 32 28 65 66 34 0 20 3 38 59 95 1 12 61 
21 77 55 36 8 68 91 20 0 11 85 26 82 76 16 50 
18 23 99 6 96 16 91 3 11 0 99 41 42 87 0 13 
28 50 15 83 64 49 69 38 85 99 0 33 67 16 40 60 
10 20 1 29 59 73 85 59 26 41 33 0 29 38 89 54 
24 81 82 51 59 51 16 95 82 42 67 29 0 91 86 97 
22 74 39 45 68 17 91 1 76 87 16 38 91 0 91 5 
51 63 16 85 15 74 48 12 16 0 40 89 86 91 0 11 
11 31 89 5 71 37 74 61 50 13 60 54 97 5 11 0 
