0 509 501 312 1019 736 
509 0 126 474 1526 1226 
501 126 0 541 1516 1184 
312 474 541 0 1157 980 
1019 1526 1516 1157 0 478 
736 1226 1184 980 478 0 
