0 91 39 92 37 55 44 
91 0 85 4 80 7 84 
39 85 0 27 50 5 96 
92 4 27 0 66 69 76 
37 80 50 66 0 26 42 
55 7 5 69 26 0 55 
44 84 96 76 42 55 0 
