0 11 18 10 38 78 30 28 36 20 77 23 32 68 29 70 70 
11 0 98 21 81 33 96 20 76 88 56 38 66 39 80 77 33 
18 98 0 11 9 26 26 24 90 59 86 97 41 35 88 32 4 
10 21 11 0 38 76 43 54 51 93 27 5 59 63 79 83 71 
38 81 9 38 0 64 49 1 70 76 61 0 31 16 39 28 74 
78 33 26 76 64 0 91 76 96 1 37 37 31 69 57 24 37 
30 96 26 43 49 91 0 27 30 59 33 42 83 3 43 71 96 
28 20 24 54 1 76 27 0 85 59 85 85 97 16 51 33 45 
36 76 90 51 70 96 30 85 0 44 11 91 37 45 60 85 46 
20 88 59 93 76 1 59 59 44 0 1 92 87 32 15 68 24 
77 56 86 27 61 37 33 85 11 1 0 29 1 70 40 91 23 
23 38 97 5 0 37 42 85 91 92 29 0 82 33 25 78 29 
32 66 41 59 31 31 83 97 37 87 1 82 0 84 51 54 46 
68 39 35 63 16 69 3 16 45 32 70 33 84 0 44 80 66 
29 80 88 79 39 57 43 51 60 15 40 25 51 44 0 30 87 
70 77 32 83 28 24 71 33 85 68 91 78 54 80 30 0 85 
70 33 4 71 74 37 96 45 46 24 23 29 46 66 87 85 0 
