0 19 25 54 46 88 25 63 36 81 50 48 69 25 42 13 14 40 
19 0 13 6 3 73 33 84 64 19 12 21 68 82 68 89 61 17 
25 13 0 49 6 43 43 74 13 29 18 98 39 61 23 82 40 65 
54 6 49 0 0 31 67 94 85 69 71 50 59 31 32 43 94 32 
46 3 6 0 0 91 54 62 7 33 25 21 87 59 64 8 57 79 
88 73 43 31 91 0 68 44 46 6 15 83 18 78 17 29 27 23 
25 33 43 67 54 68 0 76 81 44 51 38 28 5 26 91 2 28 
63 84 74 94 62 44 76 0 12 14 48 78 2 42 99 52 53 38 
36 64 13 85 7 46 81 12 0 52 54 55 33 27 5 82 16 93 
81 19 29 69 33 6 44 14 52 0 70 43 66 65 54 56 91 47 
50 12 18 71 25 15 51 48 54 70 0 61 43 18 79 3 47 12 
48 21 98 50 21 83 38 78 55 43 61 0 53 21 24 97 42 11 
69 68 39 59 87 18 28 2 33 66 43 53 0 23 98 39 58 36 
25 82 61 31 59 78 5 42 27 65 18 21 23 0 78 49 69 85 
42 68 23 32 64 17 26 99 5 54 79 24 98 78 0 51 21 17 
13 89 82 43 8 29 91 52 82 56 3 97 39 49 51 0 68 52 
14 61 40 94 57 27 2 53 16 91 47 42 58 69 21 68 0 8 
40 17 65 32 79 23 28 38 93 47 12 11 36 85 17 52 8 0 
