0 60 35 44 35 81 3 46 2 76 71 58 2 36 62 93 23 17 29 90 38 19 1 7 90 10 
60 0 65 60 10 16 60 75 79 51 9 53 34 17 21 65 82 70 54 79 20 69 44 27 36 0 
35 65 0 36 99 85 42 94 35 82 94 17 25 40 50 59 9 60 94 11 12 29 95 18 24 47 
44 60 36 0 33 16 3 7 37 96 30 43 67 37 48 26 28 72 30 1 56 88 30 85 21 12 
35 10 99 33 0 39 18 76 47 12 29 28 91 43 49 20 60 2 8 40 20 10 80 97 55 17 
81 16 85 16 39 0 94 19 73 86 67 93 20 11 22 61 37 75 51 1 35 38 37 34 19 26 
3 60 42 3 18 94 0 20 67 43 39 30 14 54 88 95 7 6 13 28 54 71 85 12 0 87 
46 75 94 7 76 19 20 0 53 31 45 44 78 32 94 62 9 2 82 80 25 64 43 23 31 26 
2 79 35 37 47 73 67 53 0 94 48 94 44 51 74 9 69 76 31 46 37 37 29 36 43 43 
76 51 82 96 12 86 43 31 94 0 74 17 78 42 33 6 48 76 36 69 17 19 19 6 51 74 
71 9 94 30 29 67 39 45 48 74 0 70 66 39 52 52 92 40 3 80 77 72 53 20 64 82 
58 53 17 43 28 93 30 44 94 17 70 0 17 6 87 35 37 11 65 90 96 36 13 56 71 79 
2 34 25 67 91 20 14 78 44 78 66 17 0 64 58 0 22 87 12 63 11 68 86 1 99 30 
36 17 40 37 43 11 54 32 51 42 39 6 64 0 34 75 22 24 1 85 58 36 25 4 24 82 
62 21 50 48 49 22 88 94 74 33 52 87 58 34 0 17 53 40 81 19 92 19 96 70 58 18 
93 65 59 26 20 61 95 62 9 6 52 35 0 75 17 0 49 43 63 83 14 42 67 17 86 91 
23 82 9 28 60 37 7 9 69 48 92 37 22 22 53 49 0 48 2 45 24 73 92 28 78 19 
17 70 60 72 2 75 6 2 76 76 40 11 87 24 40 43 48 0 72 84 68 5 27 25 39 81 
29 54 94 30 8 51 13 82 31 36 3 65 12 1 81 63 2 72 0 36 82 64 82 3 76 60 
90 79 11 1 40 1 28 80 46 69 80 90 63 85 19 83 45 84 36 0 17 20 49 41 45 75 
38 20 12 56 20 35 54 25 37 17 77 96 11 58 92 14 24 68 82 17 0 52 35 51 89 26 
19 69 29 88 10 38 71 64 37 19 72 36 68 36 19 42 73 5 64 20 52 0 38 18 45 75 
1 44 95 30 80 37 85 43 29 19 53 13 86 25 96 67 92 27 82 49 35 38 0 76 20 16 
7 27 18 85 97 34 12 23 36 6 20 56 1 4 70 17 28 25 3 41 51 18 76 0 92 39 
90 36 24 21 55 19 0 31 43 51 64 71 99 24 58 86 78 39 76 45 89 45 20 92 0 59 
10 0 47 12 17 26 87 26 43 74 82 79 30 82 18 91 19 81 60 75 26 75 16 39 59 0 
