0 3 76 93 46 83 36 63 60 98 50 42 73 49 27 39 34 15 97 91 83 55 59 37 15 37 43 30 2 98 15 
3 0 21 65 64 32 77 62 48 94 51 94 74 16 11 4 84 39 14 23 98 99 40 9 54 62 52 44 55 58 4 
76 21 0 33 87 38 72 99 5 61 4 38 78 66 18 66 7 0 7 88 29 74 54 91 65 28 70 43 71 54 88 
93 65 33 0 75 72 61 44 78 55 75 42 50 49 34 6 4 3 47 93 79 85 50 67 19 46 11 25 90 15 11 
46 64 87 75 0 33 75 78 79 46 75 99 31 42 49 26 67 41 97 56 5 91 58 33 22 71 10 15 94 79 75 
83 32 38 72 33 0 60 75 38 27 13 98 92 52 95 74 48 22 77 85 53 55 20 29 55 38 67 68 10 59 86 
36 77 72 61 75 60 0 69 48 38 33 4 59 31 63 48 42 15 98 55 77 42 26 6 57 13 77 72 26 90 93 
63 62 99 44 78 75 69 0 14 43 7 86 65 64 71 92 51 56 9 56 99 70 95 55 73 27 50 76 71 22 61 
60 48 5 78 79 38 48 14 0 95 96 2 84 88 14 1 80 89 37 18 40 80 86 77 14 17 57 72 84 52 61 
98 94 61 55 46 27 38 43 95 0 66 3 68 43 0 47 43 95 56 65 14 63 93 22 1 44 26 15 85 74 54 
50 51 4 75 75 13 33 7 96 66 0 78 1 80 65 69 23 82 59 54 0 65 41 19 27 17 61 75 60 49 82 
42 94 38 42 99 98 4 86 2 3 78 0 3 39 3 97 43 77 38 64 81 31 66 21 53 91 71 72 78 53 95 
73 74 78 50 31 92 59 65 84 68 1 3 0 53 25 77 50 40 92 82 56 23 42 86 98 54 42 31 1 34 25 
49 16 66 49 42 52 31 64 88 43 80 39 53 0 72 88 64 53 28 72 99 1 91 51 97 59 74 99 70 98 18 
27 11 18 34 49 95 63 71 14 0 65 3 25 72 0 69 50 20 86 27 53 71 82 2 94 5 76 8 13 94 89 
39 4 66 6 26 74 48 92 1 47 69 97 77 88 69 0 21 14 96 13 49 18 93 48 60 57 55 40 38 67 16 
34 84 7 4 67 48 42 51 80 43 23 43 50 64 50 21 0 68 82 73 41 52 82 39 47 72 48 3 18 79 13 
15 39 0 3 41 22 15 56 89 95 82 77 40 53 20 14 68 0 61 11 32 71 6 12 84 28 28 10 27 26 68 
97 14 7 47 97 77 98 9 37 56 59 38 92 28 86 96 82 61 0 10 74 97 67 24 50 50 39 6 34 18 61 
91 23 88 93 56 85 55 56 18 65 54 64 82 72 27 13 73 11 10 0 26 11 86 73 32 20 87 50 79 98 81 
83 98 29 79 5 53 77 99 40 14 0 81 56 99 53 49 41 32 74 26 0 48 91 22 62 0 99 55 48 14 72 
55 99 74 85 91 55 42 70 80 63 65 31 23 1 71 18 52 71 97 11 48 0 36 27 30 42 33 7 69 27 57 
59 40 54 50 58 20 26 95 86 93 41 66 42 91 82 93 82 6 67 86 91 36 0 50 28 87 67 35 83 4 68 
37 9 91 67 33 29 6 55 77 22 19 21 86 51 2 48 39 12 24 73 22 27 50 0 2 36 35 67 62 75 39 
15 54 65 19 22 55 57 73 14 1 27 53 98 97 94 60 47 84 50 32 62 30 28 2 0 52 25 98 25 90 96 
37 62 28 46 71 38 13 27 17 44 17 91 54 59 5 57 72 28 50 20 0 42 87 36 52 0 54 18 13 33 9 
43 52 70 11 10 67 77 50 57 26 61 71 42 74 76 55 48 28 39 87 99 33 67 35 25 54 0 18 0 70 7 
30 44 43 25 15 68 72 76 72 15 75 72 31 99 8 40 3 10 6 50 55 7 35 67 98 18 18 0 81 22 7 
2 55 71 90 94 10 26 71 84 85 60 78 1 70 13 38 18 27 34 79 48 69 83 62 25 13 0 81 0 91 51 
98 58 54 15 79 59 90 22 52 74 49 53 34 98 94 67 79 26 18 98 14 27 4 75 90 33 70 22 91 0 70 
15 4 88 11 75 86 93 61 61 54 82 95 25 18 89 16 13 68 61 81 72 57 68 39 96 9 7 7 51 70 0 
