0 95 60 23 40 95 97 47 94 60 14 69 67 51 21 35 32 0 48 86 72 96 17 28 38 99 33 59 84 74 
95 0 70 24 21 37 37 99 55 61 18 55 1 94 13 94 1 64 37 70 38 77 26 15 18 28 83 37 31 38 
60 70 0 3 7 96 37 23 78 83 2 69 36 93 3 19 36 62 62 6 18 23 6 51 60 22 36 89 4 13 
23 24 3 0 11 49 75 20 80 42 68 33 44 31 9 81 51 16 74 2 51 34 39 99 32 88 56 33 62 95 
40 21 7 11 0 30 8 1 73 45 25 76 77 5 44 38 55 85 68 78 28 74 48 5 25 2 90 67 94 4 
95 37 96 49 30 0 31 10 97 21 78 32 13 2 5 57 21 45 2 52 61 34 55 22 93 27 2 29 5 99 
97 37 37 75 8 31 0 64 12 89 44 49 92 39 7 83 42 34 65 80 28 81 41 16 31 53 69 40 75 60 
47 99 23 20 1 10 64 0 88 98 98 53 89 69 79 74 13 23 54 8 59 38 78 73 57 85 75 94 83 30 
94 55 78 80 73 97 12 88 0 50 20 4 13 83 83 9 94 85 35 38 8 34 15 76 50 93 91 33 4 13 
60 61 83 42 45 21 89 98 50 0 37 43 3 8 12 76 1 6 82 88 7 81 65 73 5 41 49 19 90 49 
14 18 2 68 25 78 44 98 20 37 0 4 28 26 16 30 3 93 15 28 93 24 8 97 5 26 20 13 21 17 
69 55 69 33 76 32 49 53 4 43 4 0 74 58 99 65 18 27 62 35 50 64 90 39 76 25 9 83 78 4 
67 1 36 44 77 13 92 89 13 3 28 74 0 99 78 40 65 11 49 79 32 33 17 20 98 37 40 67 21 56 
51 94 93 31 5 2 39 69 83 8 26 58 99 0 38 69 45 25 72 5 75 76 52 42 48 67 95 39 98 19 
21 13 3 9 44 5 7 79 83 12 16 99 78 38 0 12 94 31 37 55 63 53 2 54 85 29 10 39 57 8 
35 94 19 81 38 57 83 74 9 76 30 65 40 69 12 0 93 71 34 48 4 27 66 75 65 6 23 19 5 43 
32 1 36 51 55 21 42 13 94 1 3 18 65 45 94 93 0 88 71 92 5 67 17 73 80 15 9 13 90 74 
0 64 62 16 85 45 34 23 85 6 93 27 11 25 31 71 88 0 97 57 8 44 91 67 12 45 41 33 65 97 
48 37 62 74 68 2 65 54 35 82 15 62 49 72 37 34 71 97 0 48 62 21 43 73 39 82 99 9 6 27 
86 70 6 2 78 52 80 8 38 88 28 35 79 5 55 48 92 57 48 0 28 31 45 79 55 72 9 30 13 82 
72 38 18 51 28 61 28 59 8 7 93 50 32 75 63 4 5 8 62 28 0 3 11 45 38 97 25 1 72 82 
96 77 23 34 74 34 81 38 34 81 24 64 33 76 53 27 67 44 21 31 3 0 93 83 42 99 62 1 2 21 
17 26 6 39 48 55 41 78 15 65 8 90 17 52 2 66 17 91 43 45 11 93 0 65 86 48 16 4 80 77 
28 15 51 99 5 22 16 73 76 73 97 39 20 42 54 75 73 67 73 79 45 83 65 0 39 73 79 49 55 0 
38 18 60 32 25 93 31 57 50 5 5 76 98 48 85 65 80 12 39 55 38 42 86 39 0 92 24 38 98 19 
99 28 22 88 2 27 53 85 93 41 26 25 37 67 29 6 15 45 82 72 97 99 48 73 92 0 20 60 82 67 
33 83 36 56 90 2 69 75 91 49 20 9 40 95 10 23 9 41 99 9 25 62 16 79 24 20 0 50 97 95 
59 37 89 33 67 29 40 94 33 19 13 83 67 39 39 19 13 33 9 30 1 1 4 49 38 60 50 0 79 48 
84 31 4 62 94 5 75 83 4 90 21 78 21 98 57 5 90 65 6 13 72 2 80 55 98 82 97 79 0 63 
74 38 13 95 4 99 60 30 13 49 17 4 56 19 8 43 74 97 27 82 82 21 77 0 19 67 95 48 63 0 
