0 84 15 35 31 95 83 15 
84 0 34 15 23 37 60 79 
15 34 0 45 23 40 6 91 
35 15 45 0 43 10 71 93 
31 23 23 43 0 60 70 13 
95 37 40 10 60 0 69 81 
83 60 6 71 70 69 0 34 
15 79 91 93 13 81 34 0 
