0 84 58 60 11 77 88 14 93 92 35 4 54 58 48 92 58 32 65 78 33 10 17 20 
84 0 82 91 13 0 59 46 86 94 99 67 24 72 60 79 2 69 94 6 65 66 38 4 
58 82 0 36 8 80 27 56 19 47 12 53 18 90 37 53 41 8 42 48 76 17 61 71 
60 91 36 0 95 53 9 5 4 79 42 68 23 86 7 77 45 83 48 55 3 2 84 39 
11 13 8 95 0 71 64 15 64 79 76 86 46 42 7 52 34 95 9 87 16 71 60 28 
77 0 80 53 71 0 45 95 43 96 97 64 72 42 36 80 32 94 49 30 25 31 55 70 
88 59 27 9 64 45 0 74 36 36 74 72 8 53 93 1 26 17 51 53 53 36 90 68 
14 46 56 5 15 95 74 0 34 18 20 66 47 99 73 95 6 90 0 44 7 34 94 84 
93 86 19 4 64 43 36 34 0 90 59 95 72 71 61 69 65 97 7 35 98 29 23 23 
92 94 47 79 79 96 36 18 90 0 50 13 82 45 81 75 65 1 33 40 41 72 57 99 
35 99 12 42 76 97 74 20 59 50 0 28 78 48 7 69 30 35 51 90 23 32 83 30 
4 67 53 68 86 64 72 66 95 13 28 0 24 8 24 21 32 66 81 68 72 42 67 81 
54 24 18 23 46 72 8 47 72 82 78 24 0 10 40 61 12 70 52 93 98 68 43 27 
58 72 90 86 42 42 53 99 71 45 48 8 10 0 51 69 30 8 7 51 24 74 53 17 
48 60 37 7 7 36 93 73 61 81 7 24 40 51 0 62 25 60 84 78 82 39 80 60 
92 79 53 77 52 80 1 95 69 75 69 21 61 69 62 0 23 16 74 20 87 10 47 42 
58 2 41 45 34 32 26 6 65 65 30 32 12 30 25 23 0 99 47 54 81 47 49 76 
32 69 8 83 95 94 17 90 97 1 35 66 70 8 60 16 99 0 0 84 33 25 7 30 
65 94 42 48 9 49 51 0 7 33 51 81 52 7 84 74 47 0 0 62 38 41 81 44 
78 6 48 55 87 30 53 44 35 40 90 68 93 51 78 20 54 84 62 0 58 34 52 41 
33 65 76 3 16 25 53 7 98 41 23 72 98 24 82 87 81 33 38 58 0 22 31 63 
10 66 17 2 71 31 36 34 29 72 32 42 68 74 39 10 47 25 41 34 22 0 50 78 
17 38 61 84 60 55 90 94 23 57 83 67 43 53 80 47 49 7 81 52 31 50 0 15 
20 4 71 39 28 70 68 84 23 99 30 81 27 17 60 42 76 30 44 41 63 78 15 0 
