0 51 16 91 18 80 12 16 22 78 88 9 33 1 63 92 94 90 86 79 86 10 93 57 35 52 27 92 25 
51 0 37 39 47 46 7 74 89 60 45 66 26 42 42 52 7 12 40 88 41 55 18 3 80 9 42 54 53 
16 37 0 45 5 20 70 4 48 88 66 96 56 46 95 38 18 93 1 16 9 44 93 32 37 78 76 80 33 
91 39 45 0 83 67 10 53 72 31 16 26 14 82 38 24 96 28 61 81 80 77 20 24 57 15 13 49 50 
18 47 5 83 0 28 97 0 38 27 53 61 43 52 6 35 5 39 68 18 30 73 51 60 44 94 70 23 95 
80 46 20 67 28 0 58 90 59 36 90 92 66 3 68 51 14 79 44 49 97 35 75 8 96 57 62 52 77 
12 7 70 10 97 58 0 62 59 24 39 7 50 82 85 61 75 17 7 57 6 34 1 83 89 19 61 5 90 
16 74 4 53 0 90 62 0 9 11 55 75 60 81 51 7 29 9 27 59 51 35 26 79 95 95 8 64 23 
22 89 48 72 38 59 59 9 0 45 77 49 51 65 22 86 11 90 81 53 88 3 79 25 90 96 51 42 86 
78 60 88 31 27 36 24 11 45 0 95 9 19 66 23 92 66 46 75 5 93 14 71 62 73 26 11 36 8 
88 45 66 16 53 90 39 55 77 95 0 53 61 90 38 11 58 43 42 34 22 53 48 20 78 4 33 56 86 
9 66 96 26 61 92 7 75 49 9 53 0 57 69 6 6 97 65 77 82 83 53 56 3 13 19 76 34 96 
33 26 56 14 43 66 50 60 51 19 61 57 0 12 66 20 70 63 40 36 19 39 39 63 75 94 49 38 94 
1 42 46 82 52 3 82 81 65 66 90 69 12 0 19 56 55 38 89 12 19 73 46 49 52 57 83 8 2 
63 42 95 38 6 68 85 51 22 23 38 6 66 19 0 68 47 24 88 98 83 77 8 86 45 71 53 96 29 
92 52 38 24 35 51 61 7 86 92 11 6 20 56 68 0 29 26 50 44 80 3 45 53 7 52 23 23 64 
94 7 18 96 5 14 75 29 11 66 58 97 70 55 47 29 0 6 19 16 18 3 2 11 94 74 89 64 32 
90 12 93 28 39 79 17 9 90 46 43 65 63 38 24 26 6 0 72 44 82 31 46 58 60 28 2 26 37 
86 40 1 61 68 44 7 27 81 75 42 77 40 89 88 50 19 72 0 74 93 50 65 94 51 90 0 62 15 
79 88 16 81 18 49 57 59 53 5 34 82 36 12 98 44 16 44 74 0 65 45 20 38 93 53 8 39 49 
86 41 9 80 30 97 6 51 88 93 22 83 19 19 83 80 18 82 93 65 0 23 12 98 40 77 64 62 16 
10 55 44 77 73 35 34 35 3 14 53 53 39 73 77 3 3 31 50 45 23 0 93 47 41 73 13 73 99 
93 18 93 20 51 75 1 26 79 71 48 56 39 46 8 45 2 46 65 20 12 93 0 65 8 25 30 85 21 
57 3 32 24 60 8 83 79 25 62 20 3 63 49 86 53 11 58 94 38 98 47 65 0 86 32 73 67 56 
35 80 37 57 44 96 89 95 90 73 78 13 75 52 45 7 94 60 51 93 40 41 8 86 0 60 25 36 42 
52 9 78 15 94 57 19 95 96 26 4 19 94 57 71 52 74 28 90 53 77 73 25 32 60 0 27 28 48 
27 42 76 13 70 62 61 8 51 11 33 76 49 83 53 23 89 2 0 8 64 13 30 73 25 27 0 91 20 
92 54 80 49 23 52 5 64 42 36 56 34 38 8 96 23 64 26 62 39 62 73 85 67 36 28 91 0 35 
25 53 33 50 95 77 90 23 86 8 86 96 94 2 29 64 32 37 15 49 16 99 21 56 42 48 20 35 0 
