0 60 50 77 91 31 0 10 19 8 80 29 45 19 91 87 13 49 46 43 51 89 48 17 94 
60 0 7 83 39 47 16 95 89 65 60 60 36 28 49 10 91 48 15 44 18 0 62 45 81 
50 7 0 28 85 40 13 65 26 17 98 80 7 62 27 15 18 40 78 43 68 59 25 97 73 
77 83 28 0 69 0 44 65 82 42 17 57 14 63 47 91 16 83 58 7 68 99 99 27 79 
91 39 85 69 0 13 21 30 82 70 47 82 1 73 22 55 11 56 98 9 0 86 50 94 22 
31 47 40 0 13 0 77 29 30 81 77 28 63 70 42 54 20 71 72 34 6 81 51 44 38 
0 16 13 44 21 77 0 30 39 67 91 87 38 43 60 55 34 71 22 14 83 75 7 12 52 
10 95 65 65 30 29 30 0 81 20 8 10 53 89 5 85 26 70 46 11 11 11 68 48 0 
19 89 26 82 82 30 39 81 0 93 69 76 78 44 2 17 74 44 32 69 83 56 45 52 39 
8 65 17 42 70 81 67 20 93 0 28 39 14 29 90 51 35 80 72 52 44 27 25 65 48 
80 60 98 17 47 77 91 8 69 28 0 92 80 13 73 80 35 70 44 66 54 18 19 68 88 
29 60 80 57 82 28 87 10 76 39 92 0 95 28 87 3 33 92 61 72 94 47 50 66 66 
45 36 7 14 1 63 38 53 78 14 80 95 0 4 80 44 25 74 33 26 7 68 96 12 79 
19 28 62 63 73 70 43 89 44 29 13 28 4 0 2 19 2 47 37 31 60 19 65 53 35 
91 49 27 47 22 42 60 5 2 90 73 87 80 2 0 12 55 90 46 77 93 31 54 50 34 
87 10 15 91 55 54 55 85 17 51 80 3 44 19 12 0 71 16 58 98 61 89 19 19 22 
13 91 18 16 11 20 34 26 74 35 35 33 25 2 55 71 0 52 92 40 64 93 75 23 74 
49 48 40 83 56 71 71 70 44 80 70 92 74 47 90 16 52 0 38 37 94 61 50 47 87 
46 15 78 58 98 72 22 46 32 72 44 61 33 37 46 58 92 38 0 71 4 62 4 10 57 
43 44 43 7 9 34 14 11 69 52 66 72 26 31 77 98 40 37 71 0 72 45 76 70 2 
51 18 68 68 0 6 83 11 83 44 54 94 7 60 93 61 64 94 4 72 0 29 18 1 46 
89 0 59 99 86 81 75 11 56 27 18 47 68 19 31 89 93 61 62 45 29 0 1 71 86 
48 62 25 99 50 51 7 68 45 25 19 50 96 65 54 19 75 50 4 76 18 1 0 54 5 
17 45 97 27 94 44 12 48 52 65 68 66 12 53 50 19 23 47 10 70 1 71 54 0 99 
94 81 73 79 22 38 52 0 39 48 88 66 79 35 34 22 74 87 57 2 46 86 5 99 0 
